

								  1 		n=1, count=1


								  2 [1] 
									[1]		n=2, count=3


								3 [2 1 1] 
								  [2 1 1]	n=3, count=7


    4 [3 2 1 1] [2 1 1] 
	  [3 2 1 1] [2 1 1] 					n=4, count=15


  5 [4 3 2 1 1] [2 1 1] [3 2 1 1] [2 1 1] 
    [4 3 2 1 1] [2 1 1] [3 2 1 1] [2 1 1]	n=5, count=31


6 [5 4 3 2 1 1] [2 1 1] [3 2 1 1] [2 1 1] [4 3 2 1 1] [2 1 1] [3 2 1 1] [2 1 1] 
  [5 4 3 2 1 1] [2 1 1] [3 2 1 1] [2 1 1] [4 3 2 1 1] [2 1 1] [3 2 1 1] [2 1 1]
																  n=6, count=63


7 [6 5 4 3 2 1 1] [2 1 1] [3 2 1 1] [2 1 1] [4 3 2 1 1] [2 1 1] [3 2 1 1] [2 1 1]
  [5 4 3 2 1 1]   [2 1 1] [3 2 1 1] [2 1 1] [4 3 2 1 1] [2 1 1] [3 2 1 1] [2 1 1] 
  
  [6 5 4 3 2 1 1] [2 1 1] [3 2 1 1] [2 1 1] [4 3 2 1 1] [2 1 1] [3 2 1 1] [2 1 1]
  [5 4 3 2 1 1]   [2 1 1] [3 2 1 1] [2 1 1] [4 3 2 1 1] [2 1 1] [3 2 1 1] [2 1 1]
																   n=7, count=127


8 [7 6 5 4 3 2 1 1] [2 1 1] [3 2 1 1] [2 1 1] [4 3 2 1 1] [2 1 1] [3 2 1 1] [2 1 1] 
  [5 4 3 2 1 1]     [2 1 1] [3 2 1 1] [2 1 1] [4 3 2 1 1] [2 1 1] [3 2 1 1] [2 1 1] 
  [6 5 4 3 2 1 1]   [2 1 1] [3 2 1 1] [2 1 1] [4 3 2 1 1] [2 1 1] [3 2 1 1] [2 1 1] 
  [5 4 3 2 1 1]     [2 1 1] [3 2 1 1] [2 1 1] [4 3 2 1 1] [2 1 1] [3 2 1 1] [2 1 1]
  
  [7 6 5 4 3 2 1 1] [2 1 1] [3 2 1 1] [2 1 1] [4 3 2 1 1] [2 1 1] [3 2 1 1] [2 1 1] 
  [5 4 3 2 1 1] [2 1 1] [3 2 1 1] [2 1 1] [4 3 2 1 1] [2 1 1] [3 2 1 1] [2 1 1] 
  [6 5 4 3 2 1 1] [2 1 1] [3 2 1 1] [2 1 1] [4 3 2 1 1] [2 1 1] [3 2 1 1] [2 1 1] 
  [5 4 3 2 1 1] [2 1 1] [3 2 1 1] [2 1 1] [4 3 2 1 1] [2 1 1] [3 2 1 1] [2 1 1] 
																	n=8, count=255


																	
																	
9 [8 7 6 5 4 3 2 1 1]      [2 1 1] [3 2 1 1] [2 1 1] [4 3 2 1 1] [2 1 1] [3 2 1 1] 
  [2 1 1] [5 4 3 2 1 1]    [2 1 1] [3 2 1 1] [2 1 1] [4 3 2 1 1] [2 1 1] [3 2 1 1]
  [2 1 1] [6 5 4 3 2 1 1]  [2 1 1] [3 2 1 1] [2 1 1] [4 3 2 1 1] [2 1 1] [3 2 1 1] 
  [2 1 1] [5 4 3 2 1 1]    [2 1 1] [3 2 1 1] [2 1 1] [4 3 2 1 1] [2 1 1] [3 2 1 1] 
  [2 1 1] [7 6 5 4 3 2 1 1][2 1 1] [3 2 1 1] [2 1 1] [4 3 2 1 1] [2 1 1] [3 2 1 1] 
  [2 1 1] [5 4 3 2 1 1]    [2 1 1] [3 2 1 1] [2 1 1] [4 3 2 1 1] [2 1 1] [3 2 1 1] 
  [2 1 1] [6 5 4 3 2 1 1]  [2 1 1] [3 2 1 1] [2 1 1] [4 3 2 1 1] [2 1 1] [3 2 1 1] 
  [2 1 1] [5 4 3 2 1 1]    [2 1 1] [3 2 1 1] [2 1 1] [4 3 2 1 1] [2 1 1] [3 2 1 1] [2 1 1] 
  
  [8 7 6 5 4 3 2 1 1]      [2 1 1] [3 2 1 1] [2 1 1] [4 3 2 1 1] [2 1 1] [3 2 1 1] 
  [2 1 1] [5 4 3 2 1 1]    [2 1 1] [3 2 1 1] [2 1 1] [4 3 2 1 1] [2 1 1] [3 2 1 1] 
  [2 1 1] [6 5 4 3 2 1 1]  [2 1 1] [3 2 1 1] [2 1 1] [4 3 2 1 1] [2 1 1] [3 2 1 1] 
  [2 1 1] [5 4 3 2 1 1]    [2 1 1] [3 2 1 1] [2 1 1] [4 3 2 1 1] [2 1 1] [3 2 1 1] 
  [2 1 1] [7 6 5 4 3 2 1 1][2 1 1] [3 2 1 1] [2 1 1] [4 3 2 1 1] [2 1 1] [3 2 1 1] 
  [2 1 1] [5 4 3 2 1 1]    [2 1 1] [3 2 1 1] [2 1 1] [4 3 2 1 1] [2 1 1] [3 2 1 1] 
  [2 1 1] [6 5 4 3 2 1 1]  [2 1 1] [3 2 1 1] [2 1 1] [4 3 2 1 1] [2 1 1] [3 2 1 1] 
  [2 1 1] [5 4 3 2 1 1]    [2 1 1] [3 2 1 1] [2 1 1] [4 3 2 1 1] [2 1 1] [3 2 1 1] [2 1 1] 
																	n=9, count=511
